FDKPLU|FDKDIV|FDKPDS|FDTGUP|FDMNPB|PLUMD
20086196|06|20|28/09/2022|1|20086196
20016399|04|52|28/09/2022|1|20016399
20093736|04|92|28/09/2022|1|20093736
20099858|04|0|28/09/2022|0|20099858
20099860|04|0|28/09/2022|0|20099860
10019700|04|36|28/09/2022|1|10019700
20090032|04|0|28/09/2022|0|20090032
20070025|04|0|28/09/2022|0|20070025
20078092|04|0|28/09/2022|0|20078092
20039823|06|20|28/09/2022|1|20039823
20106093|06|20|28/09/2022|1|20106093
20075921|04|20|28/09/2022|1|20075921
20088784|04|52|28/09/2022|1|20088784
20105621|04|0|28/09/2022|0|20105621
20099809|04|0|28/09/2022|0|20099809
20098228|04|0|28/09/2022|0|20098228
10013558|04|36|28/09/2022|1|10013558
20070024|04|0|28/09/2022|0|20070024
20070022|04|0|28/09/2022|0|20070022
20073634|06|24|28/09/2022|12|20073634
20071841|06|20|28/09/2022|1|20071841
20107657|06|40|28/09/2022|1|20107657
10034567|04|60|28/09/2022|1|10034567
20043231|04|52|28/09/2022|1|20043231
20096952|04|0|28/09/2022|0|20096952
20085866|04|0|28/09/2022|0|20085866
20069642|06|20|28/09/2022|3|20069642
20100405|06|20|28/09/2022|1|20100405
20071839|06|20|28/09/2022|1|20071839
10000407|04|150|28/09/2022|1|10000407
20069848|04|54|28/09/2022|1|20069848
20096953|04|0|28/09/2022|0|20096953
20096951|04|0|28/09/2022|0|20096951
20106086|06|10|28/09/2022|1|20106086
20104403|06|10|28/09/2022|1|20104403
10027774|04|90|28/09/2022|1|10027774
20078821|04|120|28/09/2022|1|20078821
20035518|04|288|28/09/2022|0|20035518
20036872|04|0|28/09/2022|0|20036872
20036874|04|0|28/09/2022|0|20036874
20069727|06|120|28/09/2022|36|20069727
20106087|06|10|28/09/2022|1|20106087
20106084|06|0|28/09/2022|0|20106084
20100263|04|176|28/09/2022|1|20100263
20016706|04|100|28/09/2022|1|20016706
20047784|04|0|28/09/2022|0|20047784
20036871|04|0|28/09/2022|0|20036871
20053906|06|80|28/09/2022|40|20053906
20103567|06|10|28/09/2022|1|20103567
20103568|06|10|28/09/2022|1|20103568
20097403|04|210|28/09/2022|1|20097403
20026370|04|230|28/09/2022|1|20026370
20098760|04|0|28/09/2022|0|20098760
20098762|04|0|28/09/2022|0|20098762
20026088|06|10|28/09/2022|1|20026088
20107047|06|10|28/09/2022|1|20107047
10006126|04|17|28/09/2022|1|10006126
20099150|04|216|28/09/2022|1|20099150
20027924|04|0|28/09/2022|0|20027924
20099950|04|0|28/09/2022|0|20099950
20103570|06|10|28/09/2022|1|20103570
20103571|06|10|28/09/2022|1|20103571
20090499|04|176|28/09/2022|1|20090499
20014457|04|0|28/09/2022|0|20014457
20018914|04|0|28/09/2022|0|20018914
20088412|06|10|28/09/2022|1|20088412
20103572|06|10|28/09/2022|1|20103572
20004249|01|0|28/09/2022|0|20004249
20009461|04|0|28/09/2022|0|20009461
20009462|04|0|28/09/2022|0|20009462
20088410|06|10|28/09/2022|1|20088410
10028946|04|0|28/09/2022|0|10028946
20000776|04|0|28/09/2022|0|20000776
20110484|04|23|28/09/2022|1|20110484
20105227|04|100|28/09/2022|1|20105227
20067408|03|0|28/09/2022|0|20067408
20067411|03|0|28/09/2022|0|20067411
10003963|04|0|28/09/2022|0|10003963
10019163|04|0|28/09/2022|0|10019163
20038378|03|20|28/09/2022|15|20038378
20012291|04|0|28/09/2022|0|20012291
10036331|04|0|28/09/2022|0|10036331
20082467|04|0|28/09/2022|0|20082467
10027155|04|0|28/09/2022|0|10027155
10000193|04|0|28/09/2022|0|10000193
20012290|04|0|28/09/2022|0|20012290
20046256|04|0|28/09/2022|0|20046256
10035639|04|0|28/09/2022|0|10035639
20088352|04|0|28/09/2022|0|20088352
10004553|04|0|28/09/2022|0|10004553
20067410|03|0|28/09/2022|0|20067410
10027192|04|0|28/09/2022|0|10027192
10012757|04|0|28/09/2022|0|10012757
10010749|04|36|28/09/2022|1|10010749
20087415|04|36|28/09/2022|1|20087415
20110792|04|0|28/09/2022|0|20110792
20088351|04|0|28/09/2022|0|20088351
10025417|04|0|28/09/2022|0|10025417
20053465|04|0|28/09/2022|0|20053465
10019884|04|36|28/09/2022|1|10019884
10008651|04|36|28/09/2022|1|10008651
20105585|04|48|28/09/2022|1|20105585
20080300|04|0|28/09/2022|0|20080300
20110791|04|0|28/09/2022|0|20110791
20062641|06|20|28/09/2022|1|20062641
10016500|04|0|28/09/2022|0|10016500
20017977|04|0|28/09/2022|0|20017977
10017288|04|36|28/09/2022|1|10017288
10030925|04|36|28/09/2022|1|10030925
20106957|04|15|28/09/2022|0|20106957
20107854|04|72|28/09/2022|1|20107854
20080301|04|0|28/09/2022|0|20080301
20080299|04|0|28/09/2022|0|20080299
10025416|04|0|28/09/2022|0|10025416
20046254|04|0|28/09/2022|0|20046254
20046992|04|36|28/09/2022|1|20046992
10030051|04|48|28/09/2022|1|10030051
20107853|04|72|28/09/2022|1|20107853
20103777|04|96|28/09/2022|0|20103777
20121514|01|0|28/09/2022|0|20121514
20094377|04|0|28/09/2022|0|20094377
20094379|04|0|28/09/2022|0|20094379
20100787|04|200|28/09/2022|0|20100787
20094387|04|200|28/09/2022|0|20094387
10025415|04|0|28/09/2022|0|10025415
10005922|04|0|28/09/2022|0|10005922
20064022|04|1|28/09/2022|0|20064022
20103538|04|35|28/09/2022|1|20103538
20113120|04|0|28/09/2022|0|20113120
20092989|04|0|28/09/2022|0|20092989
10011802|04|0|28/09/2022|0|10011802
20096707|04|0|28/09/2022|0|20096707
20057342|04|200|28/09/2022|0|20057342
20028227|04|144|28/09/2022|0|20028227
10019004|04|0|28/09/2022|0|10019004
10009006|04|0|28/09/2022|0|10009006
20094832|04|200|28/09/2022|0|20094832
20087001|04|1|28/09/2022|0|20087001
20112513|04|46|28/09/2022|1|20112513
20099207|04|0|28/09/2022|0|20099207
20101477|04|0|28/09/2022|0|20101477
10005306|04|0|28/09/2022|0|10005306
10011801|04|0|28/09/2022|0|10011801
20095144|04|1|28/09/2022|0|20095144
10037632|04|252|28/09/2022|0|10037632
20076766|04|24|28/09/2022|1|20076766
10006118|04|0|28/09/2022|0|10006118
20046772|04|24|28/09/2022|0|20046772
20103707|04|0|28/09/2022|0|20103707
10018460|04|0|28/09/2022|0|10018460
20100986|04|200|28/09/2022|0|20100986
20072317|04|200|28/09/2022|0|20072317
20083461|04|24|28/09/2022|1|20083461
20091453|04|24|28/09/2022|1|20091453
20084981|06|0|28/09/2022|0|20084981
20096472|06|20|28/09/2022|1|20096472
20096474|06|20|28/09/2022|1|20096474
20063339|06|6|28/09/2022|1|20063339
20059265|04|100|28/09/2022|0|20059265
20054385|04|100|28/09/2022|0|20054385
20051682|04|12|28/09/2022|1|20051682
20078645|04|24|28/09/2022|1|20078645
20105616|06|20|28/09/2022|1|20105616
20096469|06|20|28/09/2022|1|20096469
20100007|04|200|28/09/2022|0|20100007
20098773|04|200|28/09/2022|0|20098773
20052610|04|24|28/09/2022|1|20052610
20093522|04|36|28/09/2022|1|20093522
20095620|04|0|28/09/2022|0|20095620
20110798|06|0|28/09/2022|0|20110798
20110797|06|48|28/09/2022|1|20110797
20097405|04|200|28/09/2022|0|20097405
20097404|04|200|28/09/2022|0|20097404
20087417|04|36|28/09/2022|1|20087417
20077181|04|0|28/09/2022|0|20077181
20099282|04|144|28/09/2022|0|20099282
20008252|04|144|28/09/2022|0|20008252
20087416|04|36|28/09/2022|1|20087416
20076767|04|24|28/09/2022|1|20076767
20046773|04|6|28/09/2022|1|20046773
20109000|04|0|28/09/2022|0|20109000
20108997|04|0|28/09/2022|0|20108997
20099279|04|144|28/09/2022|0|20099279
20101826|04|200|28/09/2022|0|20101826
20045443|04|36|28/09/2022|1|20045443
20103778|04|72|28/09/2022|1|20103778
20104270|04|0|28/09/2022|0|20104270
20032366|04|144|28/09/2022|0|20032366
20100566|04|100|28/09/2022|0|20100566
20112481|04|120|28/09/2022|1|20112481
20103832|04|25|28/09/2022|1|20103832
20103751|04|0|28/09/2022|0|20103751
20070543|04|0|28/09/2022|0|20070543
20042833|04|36|28/09/2022|0|20042833
10005039|04|240|28/09/2022|0|10005039
20102224|04|0|28/09/2022|0|20102224
20103149|04|0|28/09/2022|0|20103149
20032368|04|144|28/09/2022|0|20032368
20096969|04|100|28/09/2022|0|20096969
20104843|04|0|28/09/2022|0|20104843
20103755|04|0|28/09/2022|0|20103755
10005038|04|240|28/09/2022|0|10005038
20092484|04|200|28/09/2022|0|20092484
20103752|04|0|28/09/2022|0|20103752
20085114|04|0|28/09/2022|0|20085114
20092895|04|200|28/09/2022|0|20092895
10037640|04|252|28/09/2022|0|10037640
20081739|04|0|28/09/2022|0|20081739
20090540|04|0|28/09/2022|0|20090540
20085286|04|200|28/09/2022|0|20085286
20017981|04|6|28/09/2022|1|20017981
20099281|04|200|28/09/2022|0|20099281
20070539|04|0|28/09/2022|0|20070539
20092473|04|0|28/09/2022|0|20092473
20077192|04|0|28/09/2022|0|20077192
20094824|04|300|28/09/2022|0|20094824
20104980|05|0|28/09/2022|0|20104980
20070537|04|0|28/09/2022|0|20070537
20104635|04|0|28/09/2022|0|20104635
20096572|04|0|28/09/2022|0|20096572
20104979|05|0|28/09/2022|0|20104979
20103779|04|0|28/09/2022|0|20103779
20101257|04|0|28/09/2022|0|20101257
20106658|04|0|28/09/2022|0|20106658
20088411|06|10|28/09/2022|1|20088411
20110796|06|48|28/09/2022|1|20110796
20101256|04|0|28/09/2022|0|20101256
20095307|04|0|28/09/2022|0|20095307
20015134|04|48|28/09/2022|12|20015134
10037636|04|322|28/09/2022|1|10037636
20115650|06|12|28/09/2022|1|20115650
20115651|06|12|28/09/2022|1|20115651
20087544|04|36|28/09/2022|1|20087544
20098774|04|0|28/09/2022|0|20098774
20098777|04|0|28/09/2022|0|20098777
10016300|04|0|28/09/2022|0|10016300
10033899|04|36|28/09/2022|1|10033899
10012304|04|14|28/09/2022|12|10012304
10011078|04|14|28/09/2022|12|10011078
10003795|04|0|28/09/2022|0|10003795
20106184|06|20|28/09/2022|1|20106184
20110799|06|12|28/09/2022|1|20110799
10006128|04|72|28/09/2022|1|10006128
20094169|04|40|28/09/2022|1|20094169
20105624|04|0|28/09/2022|0|20105624
20077191|04|0|28/09/2022|0|20077191
10006151|04|36|28/09/2022|1|10006151
10008916|04|36|28/09/2022|1|10008916
10011076|04|14|28/09/2022|12|10011076
10008142|04|14|28/09/2022|12|10008142
20106180|06|20|28/09/2022|0|20106180
20077802|06|10|28/09/2022|1|20077802
10004638|04|52|28/09/2022|1|10004638
10004634|04|40|28/09/2022|1|10004634
20077193|04|0|28/09/2022|0|20077193
20092724|04|0|28/09/2022|0|20092724
20101054|04|0|28/09/2022|0|20101054
10006150|04|36|28/09/2022|1|10006150
20074430|04|0|28/09/2022|0|20074430
20024079|04|5000|28/09/2022|100|20024079
