PLU|SPD_ACUAN
20040312|0.30
20098258|0.30
20121358|0.30
20120361|0.30
20122267|0.30
20048582|0.30
20105942|0.30
20067961|0.30
20090302|0.30
20105100|0.30
20056643|0.30
20092560|0.30
20064956|0.30
20094509|0.30
10024555|0.30
10013035|0.30
10004401|0.30
20068096|0.30
20039152|0.30
20099131|0.30
20013333|0.30
20097540|0.30
20096154|0.30
20104711|0.30
20096381|0.30
20113913|0.30
20122057|0.30
20035628|0.30
20084483|0.30
20105930|0.30
20113923|0.30
20080331|0.30
20097782|0.30
20099663|0.30
20113328|0.30
20112866|0.30
20011004|0.30
20101339|0.30
20113317|0.30
20089268|0.30
20105928|0.30
20100807|0.30
20018656|0.30
20120440|0.30
20010505|0.30
20070016|0.30
20115271|0.30
20072582|0.30
20071610|0.30
20112519|0.30
10009288|0.30
10036891|0.30
20052433|0.30
20057224|0.30
20103954|0.30
10011327|0.30
20112571|0.30
20101218|0.30
20094319|0.30
20112669|0.30
20105075|0.30
20103458|0.30
20113324|0.30
20120276|0.30
20094672|0.30
20098009|0.30
20075895|0.30
20110719|0.30
20095147|0.30
20101213|0.30
20083465|0.30
20120369|0.30
20031344|0.30
20061425|0.30
10000452|0.30
20120437|0.30
20097785|0.30
20070017|0.30
20070767|0.30
20069862|0.30
20104486|0.30
20020474|0.30
20104971|0.30
10038111|0.30
20106963|0.30
20103689|0.30
20082241|0.30
20021256|0.30
10007469|0.30
20072345|0.30
10000343|0.30
20106961|0.30
20038475|0.30
20068105|0.30
20095771|0.30
20030802|0.30
20109221|0.30
20067959|0.30
20115957|0.30
20048397|0.30
20036219|0.30
20071686|0.30
20101969|0.30
20065869|0.30
20115262|0.30
20088796|0.30
20101962|0.30
20101463|0.30
20049612|0.30
20080706|0.30
20105808|0.30
10033018|0.30
20105931|0.30
20121416|0.30
10000175|0.30
20119138|0.30
20105253|0.30
20120438|0.30
10003530|0.30
20118916|0.30
20085697|0.30
20121370|0.30
20114096|0.30
20008081|0.30
20088416|0.30
20085797|0.30
20092052|0.30
20122030|0.30
20071871|0.30
20029222|0.30
20098761|0.30
20039013|0.30
20113110|0.30
20071812|0.30
10036619|0.30
20117977|0.30
10033815|0.30
20101927|0.30
20086844|0.30
20090701|0.30
20105922|0.30
20121425|0.30
20088708|0.30
20120431|0.30
20121465|0.30
20105907|0.30
10003808|0.30
20117603|0.30
20093679|0.30
20107986|0.30
20019710|0.30
20112782|0.30
20106789|0.30
20121972|0.30
20071593|0.30
20113919|0.30
20096419|0.30
20105903|0.30
20094634|0.30
20100004|0.30
10022100|0.30
10015375|0.30
20038229|0.30
10018789|0.30
20114292|0.30
20083233|0.30
20088745|0.30
20100062|0.30
20108829|0.30
20036239|0.30
20075584|0.30
20074447|0.30
20075351|0.30
20090778|0.30
20113685|0.30
20091783|0.30
20049120|0.30
20070018|0.30
20034587|0.30
20075862|0.30
20071155|0.30
20111310|0.30
20039421|0.30
20086138|0.30
10006876|0.30
20079858|0.30
20103820|0.30
20063732|0.30
20094498|0.30
20122729|0.30
20075630|0.30
20099262|0.30
20099254|0.30
20109216|0.30
20120663|0.30
20049127|0.30
20073493|0.30
20094391|0.30
20110260|0.30
20020574|0.30
20117845|0.30
20113703|0.30
20023606|0.30
20057516|0.30
20120300|0.30
20096455|0.30
20094122|0.30
10008093|0.30
20075861|0.30
20065436|0.30
20085942|0.30
20099256|0.30
20057277|0.30
20121374|0.30
20076002|0.30
20044861|0.30
20019446|0.30
20033978|0.30
20091350|0.30
10005583|0.30
20053901|0.30
20120034|0.30
20113341|0.30
20081237|0.30
10000280|0.30
20103582|0.30
10005494|0.30
20103617|0.30
20110471|0.30
20097528|0.30
20090053|0.30
20101559|0.30
20114431|0.30
10012669|0.30
20002898|0.30
10036938|0.30
20084725|0.30
20047244|0.30
20116686|0.30
20113001|0.30
20009186|0.30
20117663|0.30
20119863|0.30
20062314|0.30
20007824|0.30
20090308|0.30
10000305|0.30
20115331|0.30
20099558|0.30
20069636|0.30
10000501|0.30
20098245|0.30
20121313|0.30
20101077|0.30
20061984|0.30
20115956|0.30
20075352|0.30
20079367|0.30
20121558|0.30
20100939|0.30
20021228|0.30
20096567|0.30
20077520|0.30
20061423|0.30
20066215|0.30
20000215|0.30
20102187|0.30
20096355|0.30
20120301|0.30
20109677|0.30
20106960|0.30
20061985|0.30
20036220|0.30
20091657|0.30
20074098|0.30
20121311|0.30
20113469|0.30
20064239|0.30
10037027|0.30
20120306|0.30
20104150|0.30
20104489|0.30
20051946|0.30
20073491|0.30
20114294|0.30
20092294|0.30
20117985|0.30
20101210|0.30
20122530|0.30
20120782|0.30
20086998|0.30
20091860|0.30
20115158|0.30
20020355|0.30
20113319|0.30
20106303|0.30
20115486|0.30
20112341|0.30
20106966|0.30
20104448|0.30
20117683|0.30
20105936|0.30
20105933|0.30
10038449|0.30
20119451|0.30
10040122|0.30
20096594|0.30
20107717|0.30
10015694|0.30
20103508|0.30
20039153|0.30
20122257|0.30
20098388|0.30
20096272|0.30
20091579|0.30
20109019|0.30
20098251|0.30
10001782|0.30
10020193|0.30
20057289|0.30
20096268|0.30
20008887|0.30
20109383|0.30
20098767|0.30
20098243|0.30
20122345|0.30
10005820|0.30
20025563|0.30
20119967|0.30
20107008|0.30
10037376|0.30
20120783|0.30
20021340|0.30
20109011|0.30
20113569|0.30
20055062|0.30
20103948|0.30
20018905|0.30
20041531|0.30
10000116|0.30
20094729|0.30
10000720|0.30
10009007|0.30
20110854|0.30
20011006|0.30
10035551|0.30
20095012|0.30
20081749|0.30
10000313|0.30
20040300|0.30
20049388|0.30
20035636|0.30
20109707|0.30
20082665|0.30
20119969|0.30
20114857|0.30
20111640|0.30
20110812|0.30
20112808|0.30
20112821|0.30
20094914|0.30
20035693|0.30
20042444|0.30
20105935|0.30
20109064|0.30
20071510|0.30
20082195|0.30
20113920|0.30
20009870|0.30
20110257|0.30
20122646|0.30
20056990|0.30
20053181|0.30
20111445|0.30
20111305|0.30
20094360|0.30
20103302|0.30
20096480|0.30
20113702|0.30
20061983|0.30
20084911|0.30
20122744|0.30
20106534|0.30
20120461|0.30
10005241|0.30
20082194|0.30
20071594|0.30
20085916|0.30
20115318|0.30
10000348|0.30
20037096|0.30
20035632|0.30
20088106|0.30
20012830|0.30
20098248|0.30
20030646|0.30
20098806|0.30
10036980|0.30
10000475|0.30
20088376|0.30
20069148|0.30
20101214|0.30
20121386|0.30
20117804|0.30
10000098|0.30
20084910|0.30
20052901|0.30
20112001|0.30
20017791|0.30
10005310|0.30
20111442|0.30
20092549|0.30
10003144|0.30
10000142|0.30
20075585|0.30
20118284|0.30
20006943|0.30
20023898|0.30
20038720|0.30
20119029|0.30
20006935|0.30
20107595|0.30
20098255|0.30
20120673|0.30
20081255|0.30
20035549|0.30
20120249|0.30
20070843|0.30
20037502|0.30
20091268|0.30
20108738|0.30
20113069|0.30
20010506|0.30
20100729|0.30
20071511|0.30
20033662|0.30
20101216|0.30
20117637|0.30
20105240|0.30
20105923|0.30
20043979|0.30
20055496|0.30
20069857|0.30
20021339|0.30
20027240|0.30
20037159|0.30
20040297|0.30
20058084|0.30
10030784|0.30
20116490|0.30
20121183|0.30
20082594|0.30
10020940|0.30
20077114|0.30
20040504|0.30
20121362|0.30
20069153|0.30
20122751|0.30
20106533|0.30
20027848|0.30
20042206|0.30
20019315|0.30
20062844|0.30
10012967|0.30
20121307|0.30
10019118|0.30
10007972|0.30
20089666|0.30
20097469|0.30
10015684|0.30
20047323|0.30
20111900|0.30
20092433|0.30
20024254|0.30
20098399|0.30
20067962|0.30
20122299|0.30
20049782|0.30
20106029|0.30
20098250|0.30
20029770|0.30
20122270|0.30
20113925|0.30
20090011|0.30
20001702|0.30
20054411|0.30
20108739|0.30
20098262|0.30
20056641|0.30
10030788|0.30
20121652|0.30
20098613|0.30
10036739|0.30
20092723|0.30
20118405|0.30
20098873|0.30
20021884|0.30
20105695|0.30
20105924|0.30
20070014|0.30
20122071|0.30
20120248|0.30
20080088|0.30
10026500|0.30
20092545|0.30
20105906|0.30
20073922|0.30
10038814|0.30
20049115|0.30
20106552|0.30
20084814|0.30
20106532|0.30
20075973|0.30
10007805|0.30
20010392|0.30
20094800|0.30
20010389|0.30
20071607|0.30
20008986|0.30
20113004|0.30
20113409|0.30
20113470|0.30
20120443|0.30
20110261|0.30
10000361|0.30
20068115|0.30
20101115|0.30
20057923|0.30
20104943|0.30
20000515|0.30
20074325|0.30
20092515|0.30
20074121|0.30
20093209|0.30
20111306|0.30
10000449|0.30
20113562|0.30
20006685|0.30
20091650|0.30
20113995|0.30
20061426|0.30
20122700|0.30
20101556|0.30
20098079|0.30
20071398|0.30
20101395|0.30
20060097|0.30
20071160|0.30
20074435|0.30
20121308|0.30
20021900|0.30
20113411|0.30
20118233|0.30
20113557|0.30
20102654|0.30
20079757|0.30
10006909|0.30
20078242|0.30
20115343|0.30
20116432|0.30
10004838|0.30
20107712|0.30
20107990|0.30
20120513|0.30
20110452|0.30
20105912|0.30
20036518|0.30
20015819|0.30
20066384|0.30
20119651|0.30
20113112|0.30
20044553|0.30
20098941|0.30
20092378|0.30
20044470|0.30
10036617|0.30
20100057|0.30
20044554|0.30
20062869|0.30
20065379|0.30
20027186|0.30
20027850|0.30
20117166|0.30
10032668|0.30
20096794|0.30
20113577|0.30
20101399|0.30
20105905|0.30
20098394|0.30
20097153|0.30
20106304|0.30
20087022|0.30
20101379|0.30
10015378|0.30
20079008|0.30
20113522|0.30
20057519|0.30
20082935|0.30
20075726|0.30
20083017|0.30
20092055|0.30
20101071|0.30
20066511|0.30
20042323|0.30
10007803|0.30
20072102|0.30
20092215|0.30
20056838|0.30
20106959|0.30
10039027|0.30
20022701|0.30
20021218|0.30
20113474|0.30
20057517|0.30
20035298|0.30
20046010|0.30
20120308|0.30
20067716|0.30
20002806|0.30
20020019|0.30
20092201|0.30
20091468|0.30
20110263|0.30
20116526|0.30
20094801|0.30
20037506|0.30
20018780|0.30
20091351|0.30
20117206|0.30
20064237|0.30
20082417|0.30
20101750|0.30
20111307|0.30
20108828|0.30
20120895|0.30
20115290|0.30
20121040|0.30
20110645|0.30
20067963|0.30
10010874|0.30
20122288|0.30
20113346|0.30
10006259|0.30
20102037|0.30
20052643|0.30
20122108|0.30
10035899|0.30
20089254|0.30
20120915|0.30
20005093|0.30
20055226|0.30
20056645|0.30
20011132|0.30
20105064|0.30
20005713|0.30
20049716|0.30
20011832|0.30
20092906|0.30
20113463|0.30
20093207|0.30
20035299|0.30
10015843|0.30
20049122|0.30
20096789|0.30
20104555|0.30
10006667|0.30
20107991|0.30
20119007|0.30
20117330|0.30
20101396|0.30
20092408|0.30
20113449|0.30
20087891|0.30
20052758|0.30
20078088|0.30
20086084|0.30
20012688|0.30
20084886|0.30
20113573|0.30
20096353|0.30
20085107|0.30
20117847|0.30
20119131|0.30
20110656|0.30
20103650|0.30
10023780|0.30
20120928|0.30
10030806|0.30
20028793|0.30
10007775|0.30
20034080|0.30
20117003|0.30
20107145|0.30
20106551|0.30
20099992|0.30
20098776|0.30
20110647|0.30
20087345|0.30
20095146|0.30
20052907|0.30
20062264|0.30
10002978|0.30
20115328|0.30
10023214|0.30
20119231|0.30
10015683|0.30
20121459|0.30
20007700|0.30
10028390|0.30
20062867|0.30
20116888|0.30
20056640|0.30
20111710|0.30
20096403|0.30
10019696|0.30
20035586|0.30
20020329|0.30
20101746|0.30
20082344|0.30
20120299|0.30
20094718|0.30
20098780|0.30
20093208|0.30
20072030|0.30
20103648|0.30
20064233|0.30
20062003|0.30
20092216|0.30
20101072|0.30
20017790|0.30
10004540|0.30
20110026|0.30
10025325|0.30
20116494|0.30
20094209|0.30
10003799|0.30
20031208|0.30
20053799|0.30
20042089|0.30
20088789|0.30
20035631|0.30
20076781|0.30
20071810|0.30
20115861|0.30
10001414|0.30
20120201|0.30
20056930|0.30
20029837|0.30
10002971|0.30
20077311|0.30
20032449|0.30
20098406|0.30
20106379|0.30
20092546|0.30
20105655|0.30
20121430|0.30
20119034|0.30
10032077|0.30
20110266|0.30
10015650|0.30
20104894|0.30
20034353|0.30
20040296|0.30
20068396|0.30
10005957|0.30
20044271|0.30
20115133|0.30
20011831|0.30
10005338|0.30
20030983|0.30
10007336|0.30
20080459|0.30
20103453|0.30
20035626|0.30
10006908|0.30
20069147|0.30
20101555|0.30
10009296|0.30
20111709|0.30
20038292|0.30
20015821|0.30
20091654|0.30
10028501|0.30
10003061|0.30
20063488|0.30
20101926|0.30
20101756|0.30
20120856|0.30
20105909|0.30
20120912|0.30
20107708|0.30
20121357|0.30
20113819|0.30
20120945|0.30
20121436|0.30
10021392|0.30
20057841|0.30
10015653|0.30
20115862|0.30
20110964|0.30
20064091|0.30
20073379|0.30
20049108|0.30
10000341|0.30
10000731|0.30
10035319|0.30
10008143|0.30
20114379|0.30
20118550|0.30
10003653|0.30
20112498|0.30
20068085|0.30
20115141|0.30
10009495|0.30
20122479|0.30
20003398|0.30
20120205|0.30
10008064|0.30
20106155|0.30
20112751|0.30
10000798|0.30
10036611|0.30
10003697|0.30
20074237|0.30
20104326|0.30
20096726|0.30
20042512|0.30
20054753|0.30
20118215|0.30
20021174|0.30
20096665|0.30
10000680|0.30
20056326|0.30
20115142|0.30
20061189|0.30
20059871|0.30
10000757|0.30
20082394|0.30
20012672|0.30
10000320|0.30
20045107|0.30
20033964|0.30
20105504|0.30
20078874|0.30
20118535|0.30
20112448|0.30
20096158|0.30
20087578|0.30
20122397|0.30
20069695|0.30
20087344|0.30
10014035|0.30
10000724|0.30
20112897|0.30
20122745|0.30
20088366|0.30
20113942|0.30
20044534|0.30
20046341|0.30
10000657|0.30
20102065|0.30
20095417|0.30
20070110|0.30
20102240|0.30
20105241|0.30
20119876|0.30
20111711|0.30
20064502|0.30
10035320|0.30
20105247|0.30
20096155|0.30
20096157|0.30
20114104|0.30
20017965|0.30
10000579|0.30
20019831|0.30
20023933|0.30
20103166|0.30
20093062|0.30
20055366|0.30
10033610|0.30
20064503|0.30
20118736|0.30
20040306|0.30
20021004|0.30
20087095|0.30
20026703|0.30
20044862|0.30
20114293|0.30
20014399|0.30
20064829|0.30
20034196|0.30
20022011|0.30
20101381|0.30
20121211|0.30
20049158|0.30
20113321|0.30
20091864|0.30
10036827|0.30
20088875|0.30
20043035|0.30
20117685|0.30
20072316|0.30
20116527|0.30
20081566|0.30
20121808|0.30
20121039|0.30
20088545|0.30
20030982|0.30
10038107|0.30
20091644|0.30
10000430|0.30
20110212|0.30
20044032|0.30
20098173|0.30
20115355|0.30
10000760|0.30
10004443|0.30
20115361|0.30
20088418|0.30
20117815|0.30
20112362|0.30
20004385|0.30
20121387|0.30
20120488|0.30
20065095|0.30
20121051|0.30
20039339|0.30
10008348|0.30
20083775|0.30
10025846|0.30
20082122|0.30
20119754|0.30
20104972|0.30
20105651|0.30
20098982|0.30
20017745|0.30
20056644|0.30
20044272|0.30
20106302|0.30
20035634|0.30
20121469|0.30
20111425|0.30
20121471|0.30
20105925|0.30
20081247|0.30
20111309|0.30
20106810|0.30
20114050|0.30
20105249|0.30
20104485|0.30
20089498|0.30
20103776|0.30
20036430|0.30
10006263|0.30
20116108|0.30
20061751|0.30
10000353|0.30
10000548|0.30
20099255|0.30
20075353|0.30
20110633|0.30
20119957|0.30
20104633|0.30
20007072|0.30
20105938|0.30
20068089|0.30
20119165|0.30
20111441|0.30
20025594|0.30
20011965|0.30
10017484|0.30
10038823|0.30
20040276|0.30
10037727|0.30
20101088|0.30
20019314|0.30
10003481|0.30
20091483|0.30
20082136|0.30
20101109|0.30
20100258|0.30
20112570|0.30
20071668|0.30
20071609|0.30
20070383|0.30
20090555|0.30
20078901|0.30
20118909|0.30
20101908|0.30
20120436|0.30
20048521|0.30
20089265|0.30
20032859|0.30
20121312|0.30
20100261|0.30
20098113|0.30
20091467|0.30
20111308|0.30
20090852|0.30
20114051|0.30
20041626|0.30
20002727|0.30
10010351|0.30
20103435|0.30
20112736|0.30
20032453|0.30
20120506|0.30
20065248|0.30
20077000|0.30
10015651|0.30
10012263|0.30
20029054|0.30
20087585|0.30
10036884|0.30
20115134|0.30
20115741|0.30
20027871|0.30
20112905|0.30
20036334|0.30
20087278|0.30
20099973|0.30
20114403|0.30
20055034|0.30
20069699|0.30
20113677|0.30
20104447|0.30
20022930|0.30
20090542|0.30
10004771|0.30
10013569|0.30
10004331|0.30
20049621|0.30
10017154|0.30
20094668|0.30
20113382|0.30
20086226|0.30
20115332|0.30
20098010|0.30
20080374|0.30
20053561|0.30
20101067|0.30
20098494|0.30
10028422|0.30
20090327|0.30
20102239|0.30
10023495|0.30
20105917|0.30
20037097|0.30
20093187|0.30
20105911|0.30
20064963|0.30
20079732|0.30
20027869|0.30
20034699|0.30
20116867|0.30
20076001|0.30
20055286|0.30
10000155|0.30
20117635|0.30
20017057|0.30
20119650|0.30
20108428|0.30
10037729|0.30
20005712|0.30
20084469|0.30
20115478|0.30
20100890|0.30
20122269|0.30
20106962|0.30
10006895|0.30
20092456|0.30
20115500|0.30
10000245|0.30
20122031|0.30
20060288|0.30
20104111|0.30
20085773|0.30
20008080|0.30
20108608|0.30
20094671|0.30
20115739|0.30
20119449|0.30
20098872|0.30
20122383|0.30
20025757|0.30
20091469|0.30
20098391|0.30
20094423|0.30
20002504|0.30
20103671|0.30
20069205|0.30
20085787|0.30
20013023|0.30
20094170|0.30
10000354|0.30
20115684|0.30
20112867|0.30
20096398|0.30
10003164|0.30
20105243|0.30
20113556|0.30
20120302|0.30
20110479|0.30
20061427|0.30
20104488|0.30
20117918|0.30
20110396|0.30
20015929|0.30
10035167|0.30
20091481|0.30
20113465|0.30
20092323|0.30
20062928|0.30
20092907|0.30
20120902|0.30
20120247|0.30
20099266|0.30
20031732|0.30
20064431|0.30
20116580|0.30
20073798|0.30
20087584|0.30
20013345|0.30
20074097|0.30
20094358|0.30
20074324|0.30
20082429|0.30
20108023|0.30
20079657|0.30
20109228|0.30
20099808|0.30
20106964|0.30
20113508|0.30
20094637|0.30
20111443|0.30
20071640|0.30
20110480|0.30
20076756|0.30
20078596|0.30
20119010|0.30
20034588|0.30
20096790|0.30
20091808|0.30
20103506|0.30
20096352|0.30
20061982|0.30
20109230|0.30
20091411|0.30
20113704|0.30
10038663|0.30
20015928|0.30
20092328|0.30
20103652|0.30
20120368|0.30
20070673|0.30
20119008|0.30
20119547|0.30
20101220|0.30
20096668|0.30
20106809|0.30
10033417|0.30
20098256|0.30
20118217|0.30
20110326|0.30
20071650|0.30
20113674|0.30
20105926|0.30
20088392|0.30
20105908|0.30
20101148|0.30
20024908|0.30
20067165|0.30
20109921|0.30
20105711|0.30
20115319|0.30
20104271|0.30
10003111|0.30
20013133|0.30
20012674|0.30
20082119|0.30
20073380|0.30
20075894|0.30
20097110|0.30
10009297|0.30
20106544|0.30
20113215|0.30
20109557|0.30
20117109|0.30
20094958|0.30
10000117|0.30
20120433|0.30
20103701|0.30
20083932|0.30
20054633|0.30
20095863|0.30
10000097|0.30
20044599|0.30
20101217|0.30
20082859|0.30
20095022|0.30
20010959|0.30
20062144|0.30
20081559|0.30
20100434|0.30
20101393|0.30
20112885|0.30
20111312|0.30
20114660|0.30
20122402|0.30
20084470|0.30
20086026|0.30
20101405|0.30
20102246|0.30
10030787|0.30
20096404|0.30
20096773|0.30
10003707|0.30
20060290|0.30
20045138|0.30
10022333|0.30
20113320|0.30
20105941|0.30
20105244|0.30
20120432|0.30
10022402|0.30
20082197|0.30
10026416|0.30
20120430|0.30
20115359|0.30
20001703|0.30
20109904|0.30
20082445|0.30
20036752|0.30
20112572|0.30
20100061|0.30
20021899|0.30
20054107|0.30
20110664|0.30
20093725|0.30
20106156|0.30
20108293|0.30
20113692|0.30
10002983|0.30
20000300|0.30
10036357|0.30
20120796|0.30
20102655|0.30
20097310|0.30
20096588|0.30
20033353|0.30
20107713|0.30
20092213|0.30
10000020|0.30
10002753|0.30
20092994|0.30
20098407|0.30
10036848|0.30
20109050|0.30
20092315|0.30
20056340|0.30
20087038|0.30
20103819|0.30
20119132|0.30
20101078|0.30
20094383|0.30
20020582|0.30
20020581|0.30
20088795|0.30
20116533|0.30
20048652|0.30
20064786|0.30
20078550|0.30
20090559|0.30
20097305|0.30
20121338|0.30
20074445|0.30
20117848|0.30
20093323|0.30
20100915|0.30
10016520|0.30
20106550|0.30
20101554|0.30
10039111|0.30
20121376|0.30
20004767|0.30
20121395|0.30
10023779|0.30
20020120|0.30
10007241|0.30
20103168|0.30
20119448|0.30
20117263|0.30
20110397|0.30
20084539|0.30
20088221|0.30
20094473|0.30
20105062|0.30
20105692|0.30
20114432|0.30
20117628|0.30
10027527|0.30
10000525|0.30
20073671|0.30
10010825|0.30
20120442|0.30
10000120|0.30
20014398|0.30
20120918|0.30
10009493|0.30
20001606|0.30
20034119|0.30
20087023|0.30
10000656|0.30
20088802|0.30
20087019|0.30
20083837|0.30
20044874|0.30
20115975|0.30
20086992|0.30
20091327|0.30
10000052|0.30
20118828|0.30
20089497|0.30
20034122|0.30
20054658|0.30
20071123|0.30
20116865|0.30
20122054|0.30
20038033|0.30
20115291|0.30
20115488|0.30
20094802|0.30
20122424|0.30
20106188|0.30
20113820|0.30
10025849|0.30
20027868|0.30
10000289|0.30
20106535|0.30
20118299|0.30
10006149|0.30
20081565|0.30
20011308|0.30
20096506|0.30
20120462|0.30
20105910|0.30
20104756|0.30
20040614|0.30
20085013|0.30
10020147|0.30
20082650|0.30
10027952|0.30
20049052|0.30
20096324|0.30
20120428|0.30
20105934|0.30
20084773|0.30
20100065|0.30
20111648|0.30
20115209|0.30
20089267|0.30
20113516|0.30
20096417|0.30
20118382|0.30
20113694|0.30
20098385|0.30
20101380|0.30
20089838|0.30
10036931|0.30
20119621|0.30
10040414|0.30
20108430|0.30
20113910|0.30
20097109|0.30
20112963|0.30
20023805|0.30
20094670|0.30
20105801|0.30
10040188|0.30
20113509|0.30
20105398|0.30
10011507|0.30
20098008|0.30
20047839|0.30
10036806|0.30
20122064|0.30
20122743|0.30
20110713|0.30
20120365|0.30
20094191|0.30
20042207|0.30
20042672|0.30
20032999|0.30
20075588|0.30
20101650|0.30
20096358|0.30
10006967|0.30
20074311|0.30
20102071|0.30
20094916|0.30
20091331|0.30
10010246|0.30
20095155|0.30
20096113|0.30
20116531|0.30
20077581|0.30
20035678|0.30
20122013|0.30
20080494|0.30
20101446|0.30
10008178|0.30
20105248|0.30
20027074|0.30
20122462|0.30
10028190|0.30
10034403|0.30
20104300|0.30
20073426|0.30
20091857|0.30
20100066|0.30
20068104|0.30
20119089|0.30
20100435|0.30
20019532|0.30
20083684|0.30
20098755|0.30
20071670|0.30
20097159|0.30
20039422|0.30
10034951|0.30
20099790|0.30
20075886|0.30
20073921|0.30
20091414|0.30
20060022|0.30
20113186|0.30
20057520|0.30
20084594|0.30
20049132|0.30
20101392|0.30
20071978|0.30
20113512|0.30
10003931|0.30
20096820|0.30
20107871|0.30
20107568|0.30
20055287|0.30
20120894|0.30
20037128|0.30
20098253|0.30
20112338|0.30
20117884|0.30
20011068|0.30
20115496|0.30
20077508|0.30
20122070|0.30
20121189|0.30
20076292|0.30
20090447|0.30
20116882|0.30
20003798|0.30
20096571|0.30
10034330|0.30
20113921|0.30
20120664|0.30
20114661|0.30
20083541|0.30
20006531|0.30
20029278|0.30
10003303|0.30
20113379|0.30
20100060|0.30
20119652|0.30
20085046|0.30
20075589|0.30
20093196|0.30
20113119|0.30
20117602|0.30
20043039|0.30
20087411|0.30
20037098|0.30
20098171|0.30
20105400|0.30
20082247|0.30
20121346|0.30
20121056|0.30
20113297|0.30
20024961|0.30
10008133|0.30
20084767|0.30
20045508|0.30
20040301|0.30
20099549|0.30
20096682|0.30
20121375|0.30
10008314|0.30
20040283|0.30
20091317|0.30
10002676|0.30
20035629|0.30
20016379|0.30
20025507|0.30
10010350|0.30
20113537|0.30
20021434|0.30
20057290|0.30
20044208|0.30
20040302|0.30
20082114|0.30
20073420|0.30
10020195|0.30
20067680|0.30
20093329|0.30
20122256|0.30
20120417|0.30
20027865|0.30
20112659|0.30
20099766|0.30
20025412|0.30
20007699|0.30
20115344|0.30
20120416|0.30
20121404|0.30
20104647|0.30
20074697|0.30
20101219|0.30
20090974|0.30
10030804|0.30
10004588|0.30
20073997|0.30
20020090|0.30
20099253|0.30
20073388|0.30
20071977|0.30
20107596|0.30
20071608|0.30
20112359|0.30
20113766|0.30
20120444|0.30
20094915|0.30
20083466|0.30
20049119|0.30
20071354|0.30
20113699|0.30
20113035|0.30
20107249|0.30
20096354|0.30
20087204|0.30
20109301|0.30
20113325|0.30
20028970|0.30
20101800|0.30
20114743|0.30
20099502|0.30
20119009|0.30
20120722|0.30
20104490|0.30
20101397|0.30
10014154|0.30
20085007|0.30
20086994|0.30
20091482|0.30
20064238|0.30
20113053|0.30
20111446|0.30
20065858|0.30
20073051|0.30
20022668|0.30
20109678|0.30
20111311|0.30
20091370|0.30
20075863|0.30
20121653|0.30
20121336|0.30
20094382|0.30
20094424|0.30
20084593|0.30
20049124|0.30
20098611|0.30
20113473|0.30
20120307|0.30
20103501|0.30
20112884|0.30
20121337|0.30
20061986|0.30
20073389|0.30
20092962|0.30
20057281|0.30
20101398|0.30
20113558|0.30
20099259|0.30
20057283|0.30
20098771|0.30
20020255|0.30
20071172|0.30
20100784|0.30
20117844|0.30
20119623|0.30
20084914|0.30
20120305|0.30
20117846|0.30
10038099|0.30
20071397|0.30
20000516|0.30
20092208|0.30
10004084|0.30
20110481|0.30
20076003|0.30
20107711|0.30
20113385|0.30
10003580|0.30
20055300|0.30
20077110|0.30
20101406|0.30
10035865|0.30
10015149|0.30
20043876|0.30
20038032|0.30
20043410|0.30
20108013|0.30
20045346|0.30
20113924|0.30
20086273|0.30
20070013|0.30
20100805|0.30
20095021|0.30
10013751|0.30
10004980|0.30
20121228|0.30
20098812|0.30
20090042|0.30
20062254|0.30
20092075|0.30
20093336|0.30
20098254|0.30
20072006|0.30
20106027|0.30
20122033|0.30
20105929|0.30
20071768|0.30
20100153|0.30
20100152|0.30
20098265|0.30
20106344|0.30
20120429|0.30
20122294|0.30
10019698|0.30
20101964|0.30
20105250|0.30
20100103|0.30
20099659|0.30
20055578|0.30
20113202|0.30
20112744|0.30
20112360|0.30
20105500|0.30
20026366|0.30
10032797|0.30
20106154|0.30
10000719|0.30
20106676|0.30
10013572|0.30
20100436|0.30
10033424|0.30
10013212|0.30
20073799|0.30
20116495|0.30
10027768|0.30
10002789|0.30
20104713|0.30
20106345|0.30
20071449|0.30
20057280|0.30
20122276|0.30
20102844|0.30
20099972|0.30
20098389|0.30
20066262|0.30
10036703|0.30
20069199|0.30
20019802|0.30
20092054|0.30
20100259|0.30
20055242|0.30
20120901|0.30
20120903|0.30
20116703|0.30
10004583|0.30
20075892|0.30
10022101|0.30
20092457|0.30
20109607|0.30
10005455|0.30
20049121|0.30
20077094|0.30
20116532|0.30
20094497|0.30
20098753|0.30
20113410|0.30
20113353|0.30
20107250|0.30
20119011|0.30
20109679|0.30
20101468|0.30
20112868|0.30
20055243|0.30
20018781|0.30
20113553|0.30
20098986|0.30
20091413|0.30
10008170|0.30
20103649|0.30
20056487|0.30
20101361|0.30
20092326|0.30
20020770|0.30
20072336|0.30
20057518|0.30
20100006|0.30
20113705|0.30
20100260|0.30
20119868|0.30
20073689|0.30
20077582|0.30
20096161|0.30
10026656|0.30
20070256|0.30
20087039|0.30
20109215|0.30
20067958|0.30
20092214|0.30
20111586|0.30
20113471|0.30
20057268|0.30
20063176|0.30
20113464|0.30
20084592|0.30
20057276|0.30
20073874|0.30
20097312|0.30
20104487|0.30
20086083|0.30
20103307|0.30
20074323|0.30
20071159|0.30
20113472|0.30
20119134|0.30
20091693|0.30
20077813|0.30
20091692|0.30
20089496|0.30
20120251|0.30
20073492|0.30
20057269|0.30
20110262|0.30
20072716|0.30
20109217|0.30
20113388|0.30
20055035|0.30
10017884|0.30
20090696|0.30
20108974|0.30
20062283|0.30
20117376|0.30
20033798|0.30
20028732|0.30
20098380|0.30
20120366|0.30
20105927|0.30
20091604|0.30
20070569|0.30
20107006|0.30
20093959|0.30
20021173|0.30
10003074|0.30
20101341|0.30
10003372|0.30
20114758|0.30
20085122|0.30
20117641|0.30
20097234|0.30
20117862|0.30
10013353|0.30
20094798|0.30
20108835|0.30
20119033|0.30
20059870|0.30
20032785|0.30
20039012|0.30
20115549|0.30
20042582|0.30
20094745|0.30
20098007|0.30
20112752|0.30
20106028|0.30
20105245|0.30
20106187|0.30
20063363|0.30
10026622|0.30
20098266|0.30
20112944|0.30
10000578|0.30
20088105|0.30
20113686|0.30
20035294|0.30
20071401|0.30
20076775|0.30
20031682|0.30
20120304|0.30
20119135|0.30
20091470|0.30
20087892|0.30
20094330|0.30
20073998|0.30
20091809|0.30
20094359|0.30
20064221|0.30
20079843|0.30
20035295|0.30
20099301|0.30
20098779|0.30
20101355|0.30
20091649|0.30
20101070|0.30
20122090|0.30
10034745|0.30
20112367|0.30
20092330|0.30
10031438|0.30
10006334|0.30
20034044|0.30
20045188|0.30
20120275|0.30
20108986|0.30
10006200|0.30
10008484|0.30
20087307|0.30
20112567|0.30
20018354|0.30
20114402|0.30
20115146|0.30
10036839|0.30
20119653|0.30
20086274|0.30
20027241|0.30
10033009|0.30
20108548|0.30
20033547|0.30
20001380|0.30
10003362|0.30
20037138|0.30
10004823|0.30
20093935|0.30
20115487|0.30
20093625|0.30
10025292|0.30
20090355|0.30
20081740|0.30
20098397|0.30
20031238|0.30
20113106|0.30
10040192|0.30
20071595|0.30
20096976|0.30
20106677|0.30
20105919|0.30
20113838|0.30
20106026|0.30
10031256|0.30
20121213|0.30
20121467|0.30
20040295|0.30
20120911|0.30
20096673|0.30
20109556|0.30
20105397|0.30
20061947|0.30
20013047|0.30
20087024|0.30
20054913|0.30
20113172|0.30
20098393|0.30
20090437|0.30
20107567|0.30
20115198|0.30
20021214|0.30
20087580|0.30
20113676|0.30
20037423|0.30
20097521|0.30
20053052|0.30
20023023|0.30
20098365|0.30
20042139|0.30
20105697|0.30
20121434|0.30
20110394|0.30
20105693|0.30
20110965|0.30
20115632|0.30
20027867|0.30
10003845|0.30
20057362|0.30
10004541|0.30
10019695|0.30
20087018|0.30
20095418|0.30
10006262|0.30
10000431|0.30
10010509|0.30
20037222|0.30
20121733|0.30
20012386|0.30
20072370|0.30
20115744|0.30
20002805|0.30
10012198|0.30
20072367|0.30
20105920|0.30
20018697|0.30
20096981|0.30
10033560|0.30
20082400|0.30
20041249|0.30
20121951|0.30
20069856|0.30
20010999|0.30
20096795|0.30
20018396|0.30
10003018|0.30
20104299|0.30
20108963|0.30
10040185|0.30
20088368|0.30
20105402|0.30
20115199|0.30
10013575|0.30
10010596|0.30
20098379|0.30
20017746|0.30
20009872|0.30
10033569|0.30
20037642|0.30
20086204|0.30
20055605|0.30
20101212|0.30
10004655|0.30
20077468|0.30
20095742|0.30
20115289|0.30
20103450|0.30
20035630|0.30
20122277|0.30
20098249|0.30
20090169|0.30
20113574|0.30
20054751|0.30
20072230|0.30
20010257|0.30
20078435|0.30
20017679|0.30
20096979|0.30
20025752|0.30
20090313|0.30
20085173|0.30
10014036|0.30
20093061|0.30
20122265|0.30
20069647|0.30
20069648|0.30
20105065|0.30
20098392|0.30
20092712|0.30
20106381|0.30
20002980|0.30
20120206|0.30
20093997|0.30
20091179|0.30
20051843|0.30
20080924|0.30
20107566|0.30
20101224|0.30
20115481|0.30
20117682|0.30
20102062|0.30
20033397|0.30
20062974|0.30
20057705|0.30
20096677|0.30
20121414|0.30
20105916|0.30
20113475|0.30
20055841|0.30
20119661|0.30
20018635|0.30
20087021|0.30
20055495|0.30
20066510|0.30
20035489|0.30
20111707|0.30
20064220|0.30
20113322|0.30
10004018|0.30
20096554|0.30
20111158|0.30
20097468|0.30
20112523|0.30
20045925|0.30
20092863|0.30
20120929|0.30
20110646|0.30
20122572|0.30
10030783|0.30
10035898|0.30
20103952|0.30
20058294|0.30
20056978|0.30
20096383|0.30
20087410|0.30
20105238|0.30
20047844|0.30
20115197|0.30
20113316|0.30
20072331|0.30
20096263|0.30
20082080|0.30
20039541|0.30
20108961|0.30
20094724|0.30
20121662|0.30
10014129|0.30
20121400|0.30
20083539|0.30
10025373|0.30
20113117|0.30
20063862|0.30
20115504|0.30
20097479|0.30
20098268|0.30
20120199|0.30
20074315|0.30
20074350|0.30
20099806|0.30
20053613|0.30
20067872|0.30
20090691|0.30
20115140|0.30
20022628|0.30
20108417|0.30
20122092|0.30
20105932|0.30
20088535|0.30
10009496|0.30
20053054|0.30
20113097|0.30
10003422|0.30
20112735|0.30
20111362|0.30
20114052|0.30
20083843|0.30
20011000|0.30
10040124|0.30
10005746|0.30
20047786|0.30
20122336|0.30
20113926|0.30
10003840|0.30
20116901|0.30
20113568|0.30
10004442|0.30
20121348|0.30
20073496|0.30
20078098|0.30
20072103|0.30
20120934|0.30
10015652|0.30
10003427|0.30
20113118|0.30
20121431|0.30
10020144|0.30
20021571|0.30
20115863|0.30
20087413|0.30
20116579|0.30
10008316|0.30
20056311|0.30
20062877|0.30
20118536|0.30
20027910|0.30
10000674|0.30
10005355|0.30
10009742|0.30
20040697|0.30
20096783|0.30
20034120|0.30
20011063|0.30
10012172|0.30
20117626|0.30
20035635|0.30
20025967|0.30
10011819|0.30
20109350|0.30
20122259|0.30
20035627|0.30
20113927|0.30
20101825|0.30
20103449|0.30
20082579|0.30
20121182|0.30
20021695|0.30
20118380|0.30
20113062|0.30
20119137|0.30
20122436|0.30
10004950|0.30
20113578|0.30
20092400|0.30
20104304|0.30
20072581|0.30
20103265|0.30
20021822|0.30
20034118|0.30
10000527|0.30
20068097|0.30
20027185|0.30
10002835|0.30
20111708|0.30
20002725|0.30
20079001|0.30
20108609|0.30
20063092|0.30
20090328|0.30
20106674|0.30
10036743|0.30
20025350|0.30
20110283|0.30
20098398|0.30
20068086|0.30
10015861|0.30
10036740|0.30
20088417|0.30
20108003|0.30
20076486|0.30
20069231|0.30
20089255|0.30
20121229|0.30
20122009|0.30
20112995|0.30
20072837|0.30
20046461|0.30
20113204|0.30
20120464|0.30
20122393|0.30
20049082|0.30
20078869|0.30
20049706|0.30
20105921|0.30
20118534|0.30
20047324|0.30
10037787|0.30
10040193|0.30
10013821|0.30
20015029|0.30
20115157|0.30
20096501|0.30
20020856|0.30
20034947|0.30
20036431|0.30
20042518|0.30
20102472|0.30
10036942|0.30
20074319|0.30
20035832|0.30
20098400|0.30
20122032|0.30
20107597|0.30
10033006|0.30
20096156|0.30
20108002|0.30
20109980|0.30
20049359|0.30
20014590|0.30
20102857|0.30
20105904|0.30
20095606|0.30
20021257|0.30
20022903|0.30
20121168|0.30
10000465|0.30
20082936|0.30
10003325|0.30
20077503|0.30
10005662|0.30
10000859|0.30
10025848|0.30
20014608|0.30
20013989|0.30
20046911|0.30
20014241|0.30
20118216|0.30
20099141|0.30
20112366|0.30
20105937|0.30
20110267|0.30
20046842|0.30
20040303|0.30
20102709|0.30
20085740|0.30
20117981|0.30
10004532|0.30
20007302|0.30
20115159|0.30
20113219|0.30
20100141|0.30
10002989|0.30
20096724|0.30
20022431|0.30
10007377|0.30
20121952|0.30
20052206|0.30
20063736|0.30
10011452|0.30
20098751|0.30
20113575|0.30
20011003|0.30
20066758|0.30
20086182|0.30
20116881|0.30
20120257|0.30
20074712|0.30
20105396|0.30
20110472|0.30
10032936|0.30
20105063|0.30
20090457|0.30
20054657|0.30
20098402|0.30
20095517|0.30
20040340|0.30
20047809|0.30
20036194|0.30
20027833|0.30
10000210|0.30
20071626|0.30
20026791|0.30
20049431|0.30
20121028|0.30
20066494|0.30
20113345|0.30
20117470|0.30
20049360|0.30
20120425|0.30
20095013|0.30
20038549|0.30
20087025|0.30
10002788|0.30
20085187|0.30
20122274|0.30
20105239|0.30
20084717|0.30
20116858|0.30
20082121|0.30
20036969|0.30
10000090|0.30
10001017|0.30
20112361|0.30
20090383|0.30
20074334|0.30
20094746|0.30
20049629|0.30
20122425|0.30
20013680|0.30
20118903|0.30
20057868|0.30
20014400|0.30
20018825|0.30
10035871|0.30
20035983|0.30
20105939|0.30
20023059|0.30
20019814|0.30
20045528|0.30
20054840|0.30
20096777|0.30
20082449|0.30
20117687|0.30
20069204|0.30
20094308|0.30
20115196|0.30
20068238|0.30
10005480|0.30
20100067|0.30
20087290|0.30
20070015|0.30
20101461|0.30
10037415|0.30
20105246|0.30
20101342|0.30
20118115|0.30
20096772|0.30
10009494|0.30
20004183|0.30
20001701|0.30
20060033|0.30
20094730|0.30
20090773|0.30
20110215|0.30
20064079|0.30
10006258|0.30
20117285|0.30
20025365|0.30
20120363|0.30
20040458|0.30
20120661|0.30
20008843|0.30
20101063|0.30
10006168|0.30
20067474|0.30
20059859|0.30
20046841|0.30
10022248|0.30
20122291|0.30
20098390|0.30
20035633|0.30
20082115|0.30
20122405|0.30
20080923|0.30
20011964|0.30
20105913|0.30
20091859|0.30
20100262|0.30
20018326|0.30
20071639|0.30
20116060|0.30
10008425|0.30
10006468|0.30
20038548|0.30
20071776|0.30
20082135|0.30
20098264|0.30
20020536|0.30
20071173|0.30
20006530|0.30
20113515|0.30
20109877|0.30
20106377|0.30
20105918|0.30
20120441|0.30
20101215|0.30
20113381|0.30
20107415|0.30
20112996|0.30
20101557|0.30
20038150|0.30
20084487|0.30
10002307|0.30
20029636|0.30
20078726|0.30
20105242|0.30
20107723|0.30
10000721|0.30
20066052|0.30
10001291|0.30
10023778|0.30
10002565|0.30
20118549|0.30
10038450|0.30
10000675|0.30
10006913|0.30
20096728|0.30
20083847|0.30
10015814|0.30
20081588|0.30
20122273|0.30
20089257|0.30
10036359|0.30
20120435|0.30
20103821|0.30
20094910|0.30
20121945|0.30
20122016|0.30
